
#################################################################
# Summary Statistics
#################################################################

DIC = 130.3546

                           Mean    SD  2.5%    5%   25%   50%   75%    95%  97.5%
Region.SD                 3.797 4.205 0.084 0.195 0.994 2.157 4.881 13.554 16.306
p.global.Baetidae         0.163 0.141 0.007 0.013 0.051 0.118 0.250  0.445  0.507
p.global.Decapoda         0.312 0.163 0.060 0.078 0.175 0.295 0.440  0.594  0.635
p.global.Hydropsychidae   0.163 0.147 0.010 0.015 0.053 0.119 0.223  0.487  0.558
p.global.Isopoda          0.160 0.155 0.007 0.012 0.048 0.110 0.217  0.499  0.587
p.global.Minnow           0.201 0.139 0.007 0.010 0.083 0.195 0.292  0.445  0.509
p.Region 1.Baetidae       0.075 0.070 0.000 0.000 0.014 0.054 0.126  0.203  0.232
p.Region 1.Decapoda       0.574 0.095 0.376 0.409 0.511 0.578 0.642  0.722  0.743
p.Region 1.Hydropsychidae 0.071 0.075 0.000 0.000 0.006 0.046 0.121  0.222  0.247
p.Region 1.Isopoda        0.050 0.061 0.000 0.000 0.002 0.024 0.080  0.183  0.211
p.Region 1.Minnow         0.229 0.078 0.075 0.102 0.178 0.227 0.276  0.367  0.391
